D1S1656
8	0.001000
10	0.009069
11	0.025192
12	0.04716
13	0.097544
14	0.214033
14.2	0.001000
14.3	0.004635
15	0.186624
15.3	0.045548
16	0.122535
16.3	0.127574
17	0.03668
17.3	0.038494
18	0.004031
18.3	0.030432
19	0.001000
19.3	0.006449
20.3	0.001000

TPOX
6	0.032338
7	0.013508
8	0.347327
9	0.256658
10	0.101926
11	0.231279
12	0.015964
13	0.001000

D2S1360
17	0.01002
19	0.00501
20	0.019038
21	0.063126
22	0.194389
23	0.155311
24	0.165331
25	0.194389
26	0.087174
27	0.058116
28	0.019038
29	0.024048
31	0.00501

D2S441
8	0.001000
9	0.002218
10	0.069573
11	0.275266
11.3	0.081067
12	0.126441
12.3	0.003227
13	0.055658
13.3	0.001000
14	0.333143
14.1	0.001000
14.3	0.001000
15	0.045575
16	0.003832

D2S1338
14	0.010501
15	0.002221
16	0.037763
17	0.133281
18	0.072093
19	0.209816
20	0.110058
21	0.087238
22	0.137724
23	0.083805
24	0.057755
25	0.040388
26	0.014338
27	0.002019
28	0.001000

D3S1358
9	0.001000
11	0.001611
12	0.002215
13	0.003423
14	0.064642
15	0.284545
15.2	0.001000
16	0.300051
16.2	0.003021
17	0.259775
17.2	0.001000
18	0.070079
18.2	0.001000
19	0.005638
20	0.001000

D3S1744
13	0.003992
14	0.03493
15	0.131737
16	0.128742
17	0.392216
18	0.175649
19	0.080838
20	0.038922
21	0.010978
22	0.001996

D4S2366
9	0.143
10	0.368
11	0.121
12	0.276
13	0.074
14	0.016
15	0.002

FGA
15	0.001000
16.2	0.001000
17	0.002003
18	0.005206
18.2	0.005206
19	0.037846
19.2	0.002002
20	0.036845
20.2	0.001000
21	0.09832
21.2	0.001000
21.3	0.001000
22	0.21266
22.2	0.001000
23	0.180421
23.2	0.001000
23.3	0.006208
24	0.159595
24.1	0.001000
24.2	0.001000
24.3	0.001000
25	0.102726
25.2	0.001000
25.3	0.001000
26	0.050662
26.1	0.001000
27	0.023028
28	0.04105
29	0.013416
29.1	0.001000
30	0.003604
31.2	0.001000
41.2	0.001000
42.2	0.001000
43.2	0.001202
44.2	0.001000

D5S2500
9	0.023976
10	0.154845
11	0.247753
12	0.111888
13	0.077922
14	0.082917
15	0.17982
16	0.077922
17	0.023976
18	0.018981

D5S2800
14	0.289711
15	0.008991
16	0.001998
17	0.175824
18	0.186813
19	0.015984
20	0.251748
21	0.003996
23	0.043956
24	0.020979

D5S818
7	0.001000
8	0.068702
9	0.033139
10	0.064055
11	0.24167
12	0.34836
13	0.22894
14	0.010709
15	0.002425
16	0.001000

CSF1PO
6	0.001000
7	0.027279
8	0.04688
9	0.062237
10	0.249755
10.3	0.001000
11	0.241066
12	0.31381
13	0.049911
14	0.006062
15	0.001000

SE33
6.3	0.001000
7.3	0.001000
8	0.001003
9	0.001254
10	0.001000
10.2	0.001003
11	0.008277
11.2	0.007776
12	0.003763
12.2	0.005769
13	0.006271
13.1	0.001000
13.2	0.005017
13.3	0.001000
14	0.022324
14.2	0.002759
15	0.045651
15.1	0.001000
15.2	0.003261
16	0.061705
16.2	0.004264
16.3	0.001000
17	0.098828
17.2	0.001000
17.3	0.001000
18	0.107607
18.2	0.001000
19	0.104095
19.1	0.001000
19.2	0.001505
20	0.053929
20.2	0.002007
21	0.030602
21.2	0.007525
22	0.007023
22.2	0.004766
23	0.001254
23.2	0.014548
24	0.001000
24.2	0.042641
25.2	0.05719
25.3	0.001000
26.2	0.047407
27	0.001000
27.2	0.046404
28.2	0.047658
29	0.001000
29.2	0.044648
30	0.001000
30.2	0.026588
31	0.001000
31.2	0.018562
32	0.001000
32.2	0.011789
33	0.001505
33.2	0.004515
34	0.004013
34.2	0.001000
35	0.007274
35.2	0.001000
36	0.005017
37	0.001003

D6S474
11.1	0.001998
13	0.001998
14	0.295705
15	0.247752
16	0.133866
17	0.228771
18	0.080919
19	0.008991

D7S3048
17	0.014014
18	0.039039
19	0.079079
20	0.144144
21	0.07007
22	0.095095
23	0.132132
24	0.121121
25	0.171172
26	0.12012
27	0.012012
28	0.002002

D7S820
5	0.001000
6	0.00101
7	0.004445
7.3	0.001000
8	0.193947
9	0.105459
9.3	0.001000
10	0.354762
10.1	0.007677
11	0.192533
12	0.122631
13	0.012526
13.1	0.001000
14	0.00101

D7S1517
15	0.01
17	0.01
18	0.019
19	0.092
20	0.131
21	0.131
22	0.087
23	0.141
24	0.107
25	0.155
26	0.034
27	0.015
28	0.019
29	0.015
31	0.029
34	0.005

D8S1132
15	0.025974
15.1	0.001998
16	0.120879
17	0.156843
18	0.163837
19	0.103896
20	0.11988
21	0.108891
22	0.103896
23	0.061938
24	0.024975
25	0.006993

D8S1179
8	0.003234
9	0.001819
10	0.018593
11	0.058407
12	0.128941
13	0.178052
14	0.290016
15	0.243937
16	0.064875
17	0.010913
18	0.001213

D9S1122
9	0.042
10	0.012
11	0.18
12	0.352
13	0.352
14	0.06
15	0.002

D10S1435
11	0.107892
12	0.362638
13	0.24975
14	0.146853
15	0.043956
16	0.014985
17	0.073926

D10S2325
6	0.082917
7	0.116883
8	0.052947
9	0.193806
10	0.164835
11	0.208792
12	0.145854
13	0.018981
14	0.00999
16	0.004995

D10S1248
8	0.001000
9	0.009487
10	0.003028
11	0.0325
12	0.105573
13	0.260199
14	0.286037
15	0.209531
16	0.075698
17	0.015947
18	0.001000

TH01
5	0.00121
6	0.19246
7	0.37907
7.1	0.001000
8	0.179549
9	0.161392
9.3	0.06839
10	0.014929
11	0.001000
12	0.001000

D11S2368
14	0.002004
15	0.012024
16	0.026052
17	0.134269
18	0.218437
19	0.241483
20	0.195391
21	0.121242
22	0.04008
23	0.009018

D11S554
188	0.001182
192	0.011821
196	0.018913
200	0.031915
202	0.001182
204	0.091017
206	0.002364
208	0.112293
209	0.003546
211	0.001182
212	0.114657
214	0.001182
216	0.113475
217	0.008274
218	0.001182
220	0.091017
221	0.008274
224	0.083924
225	0.015366
226	0.001182
228	0.053192
229	0.022459
230	0.001182
231	0.001182
232	0.009456
233	0.022459
234	0.001182
236	0.007092
237	0.007092
239	0.002364
242	0.004728
245	0.007092
246	0.020095
249	0.004728
250	0.021277
253	0.004728
254	0.028369
257	0.002364
258	0.009456
262	0.014185
264	0.001182
266	0.007092
270	0.002364
271	0.001182
274	0.007092
277	0.001182
282	0.001182
287	0.002364
290	0.001182
291	0.001182
294	0.001182
296	0.001182
300	0.007092
301	0.001182
302	0.001182
304	0.001182
320	0.001182
325	0.001182

APOAI1
254	0.001168
256	0.001168
258	0.031542
262	0.040888
263	0.001168
265	0.003505
266	0.007009
267	0.023364
268	0.002336
269	0.007009
270	0.029206
271	0.078271
272	0.008178
273	0.003505
274	0.029206
275	0.016355
276	0.038551
277	0.009346
278	0.01986
279	0.018692
280	0.081776
281	0.029206
282	0.038551
283	0.026869
284	0.046729
285	0.024533
286	0.060748
287	0.047897
288	0.012851
289	0.023364
290	0.060748
291	0.01986
292	0.002336
293	0.016355
294	0.042056
295	0.017523
297	0.028037
298	0.029206
299	0.002336
301	0.010514
302	0.008178

vWA
11	0.001619
12	0.001000
13	0.007689
14	0.063133
15	0.193851
16	0.261841
17	0.224203
18	0.134967
19	0.08094
20	0.025496
21	0.004249
22	0.001012

D12S391
13	0.001000
14	0.005818
15	0.05276
16	0.037313
16.2	0.001000
17	0.211642
17.1	0.001000
17.2	0.001003
17.3	0.001000
18	0.223478
18.1	0.001000
18.2	0.001000
18.3	0.002407
19	0.150858
19.1	0.001204
19.2	0.001605
19.3	0.001003
20	0.094286
20.1	0.001000
20.2	0.001000
21	0.056772
21.3	0.001000
22	0.066
22.3	0.001000
23	0.053763
24	0.01665
25	0.007824
26	0.004614
27	0.001000

D13S325
16	0.004995
17	0.003996
18	0.048951
19	0.191808
19.2	0.001998
20	0.21978
21	0.274726
22	0.157842
23	0.062937
23.3	0.008991
24	0.010989
24.3	0.003996
25	0.004995
26.3	0.003996

D13S317
7	0.001000
8	0.09464
9	0.025386
10	0.045289
11	0.249598
12	0.415522
13	0.126119
14	0.041024
15	0.001422

D14S1434
9	0.006993
10	0.291708
11	0.024975
12	0.073926
13	0.20979
14	0.378622
15	0.013986

D15S659
8.3	0.005
9.3	0.007
10	0.009
11	0.037
12	0.107
13	0.088
14	0.044
15	0.081
16	0.238
17	0.255
18	0.114
19	0.011
20	0.004

Penta E
5	0.045307
6	0.001000
7	0.056507
8	0.086542
9	0.028254
10	0.049889
11	0.095706
12	0.118359
13	0.077379
14	0.097487
15	0.124468
15.4	0.001000
16	0.065416
16.4	0.001000
17	0.051162
18	0.054216
19	0.025199
20	0.015527
21	0.003309
22	0.001273
23	0.001000

D16S539
5	0.001000
7	0.001000
8	0.049386
9	0.155416
10	0.091516
10.1	0.001000
11	0.301358
12	0.236047
13	0.133041
14	0.027616
15	0.00262

D17S906
328	0.001000
333	0.001000
334	0.001000
335	0.002719
336	0.003626
338	0.012691
339	0.001000
340	0.003626
342	0.043512
345	0.006346
346	0.03626
349	0.010878
350	0.047138
351	0.001000
352	0.009972
353	0.038073
354	0.042606
355	0.002719
356	0.034447
357	0.033541
358	0.032634
359	0.013598
360	0.003626
361	0.07524
362	0.015411
363	0.014504
364	0.001000
365	0.045325
366	0.009065
367	0.017224
369	0.048045
370	0.010878
371	0.014504
373	0.028102
374	0.002719
375	0.009972
376	0.008159
377	0.017224
379	0.003626
380	0.001813
381	0.006346
383	0.001813
385	0.001813
387	0.002719
389	0.002719
393	0.004533
395	0.004533
396	0.001000
397	0.024476
399	0.012691
401	0.014504
403	0.014504
405	0.022663
407	0.011785
409	0.044419
410	0.001000
411	0.004533
413	0.047138
414	0.001000
415	0.004533
417	0.038073
419	0.001813
421	0.009065
423	0.001813
425	0.006346
427	0.001000
429	0.004532
433	0.001813
435	0.001000

D17S1301
9	0.005
10	0.018
11	0.113
11.3	0.002
12	0.521
13	0.283
14	0.053
15	0.005

D18S51
10	0.001212
10.2	0.00303
11	0.00606
11.2	0.001000
12	0.069484
12.2	0.00404
13	0.058374
13.2	0.004646
14	0.076957
14.2	0.001616
15	0.130686
15.2	0.00404
16	0.139169
16.2	0.017371
16.3	0.001000
17	0.149269
17.2	0.014341
18	0.119576
18.2	0.001000
19	0.104629
19.2	0.00101
20	0.053527
21	0.025854
22	0.009291
23	0.001818
24	0.001000

D18S1364
11	0.001998
12	0.091908
13	0.084915
14	0.106893
15	0.128871
16	0.085914
17	0.154845
18	0.21079
19	0.113886
20	0.015984
21	0.003996

D19S253
5	0.001998
6	0.017982
7	0.177822
8	0.073926
9	0.052947
10	0.050949
11	0.110889
12	0.265735
13	0.200799
14	0.03996
15	0.004995
16	0.001998

D19S433
6	0.001000
7	0.001000
8	0.001000
9	0.001809
10	0.005828
10.2	0.001000
11	0.036979
11.2	0.001000
12	0.148318
12.2	0.015274
13	0.240967
13.2	0.047832
14	0.246795
14.2	0.058885
15	0.07637
15.2	0.04964
16	0.031553
16.2	0.025524
17	0.001407
17.1	0.001000
17.2	0.003819
18	0.001000
18.2	0.001000
19	0.001000

D20S482
9	0.021
10	0.009
11	0.026
12	0.046
13	0.187
14	0.484
15	0.162
16	0.065

D21S11
24.3	0.004801
25	0.001000
25.3	0.001000
26	0.001011
26.3	0.001000
27	0.034616
28	0.138715
29	0.235488
30	0.259238
30.2	0.006317
31	0.069484
31.2	0.052302
32	0.010107
32.2	0.074537
33	0.002779
33.1	0.001000
33.2	0.031331
34	0.015918
34.2	0.00758
35	0.031584
35.2	0.001000
36	0.012381
36.3	0.001000
37	0.004548
38	0.001263

D21S2055
14.1	0.003984
16.1	0.00498
19.1	0.018924
20.1	0.001992
23	0.001992
24	0.031873
25	0.054781
26	0.047809
26.1	0.001992
27	0.001992
27.1	0.001992
28	0.00498
29	0.055777
29.1	0.001992
30	0.087649
31	0.11255
32	0.207171
33	0.172311
34	0.11255
35	0.041833
36	0.008964
37	0.015936
38	0.003984
39	0.001992

Penta D
2.2	0.10318
3.2	0.010928
5	0.012707
6	0.013469
6.4	0.001000
7	0.047524
8	0.095556
9	0.135201
10	0.192383
11	0.143334
12	0.118174
13	0.065314
14	0.048286
15	0.009657
16	0.002287
17	0.001000

D22GATA198B05
15	0.007
16	0.121
17	0.185
18	0.067
19	0.167
20	0.217
21	0.146
22	0.076
23	0.012
25	0.002

D22S1045
8	0.001000
9	0.001000
10	0.021828
11	0.112172
12	0.06407
13	0.016371
14	0.055379
14.2	0.001000
15	0.342177
16	0.236472
17	0.133192
18	0.011318
19	0.002021
20	0.001000
21	0.001000
