D1S1656
9	0.001000
10	0.001000
11	0.09462
12	0.115537
13	0.06972
14	0.08466
14.3	0.005976
15	0.140437
15.3	0.073704
16	0.101593
16.3	0.05976
17	0.040836
17.3	0.130477
18	0.001992
18.3	0.067728
19.3	0.00996
20.3	0.001000

TPOX
8	0.515902
9	0.11829
10	0.047713
11	0.28131
12	0.035785
13	0.001000

D2S1360
19	0.006
20	0.102
21	0.073
22	0.293
23	0.169
24	0.083
25	0.07
26	0.073
27	0.054
28	0.045
29	0.01
30	0.022

D2S441
8	0.001000
9	0.001000
10	0.1829
11	0.324052
11.3	0.066599
12	0.026839
13	0.028827
14	0.32604
15	0.034791
16	0.007952

D2S1338
13	0.001000
15	0.001000
16	0.040755
17	0.240552
18	0.063617
19	0.115306
20	0.137174
21	0.038767
22	0.026839
23	0.089462
24	0.104372
25	0.113318
26	0.021868
27	0.00497
28	0.001000

D3S1358
13	0.001988
14	0.129225
15	0.267396
16	0.230616
17	0.200795
18	0.15507
19	0.011928
20	0.002982

D3S1744
14	0.105788
15	0.083832
16	0.124751
17	0.295409
18	0.205589
19	0.121757
20	0.046906
21	0.013972
22	0.001996

D4S2366
9	0.347
10	0.178
11	0.092
12	0.157
13	0.126
14	0.092
15	0.008

FGA
17	0.001992
18	0.013944
18.3	0.001000
19	0.058764
20	0.150396
20.2	0.001000
21	0.158364
21.2	0.001992
22	0.19422
22.2	0.005976
23	0.177288
23.2	0.001992
24	0.13446
24.2	0.001000
25	0.073704
26	0.01992
27	0.002988
28	0.001000

D5S2800
14	0.291291
17	0.344345
18	0.246246
19	0.003003
20	0.009009
22	0.003003
23	0.086086
24	0.017017

D5S818
7	0.001000
8	0.00497
9	0.050696
10	0.062624
11	0.33797
12	0.355863
13	0.174949
14	0.00994
15	0.001988

CSF1PO
7	0.001988
7.3	0.001000
8	0.001000
9	0.01988
10	0.277333
11	0.286279
12	0.332004
13	0.069582
14	0.007952
15	0.002982

SE33
12	0.013039
13	0.006018
14	0.029087
14.2	0.013039
15	0.029087
15.2	0.003009
16	0.048145
16.2	0.003009
16.3	0.003009
17	0.067202
18	0.09328
19	0.074223
19.2	0.006018
20	0.045135
20.2	0.003009
21	0.029087
21.2	0.006018
22.2	0.029087
23	0.01003
23.2	0.042126
24.2	0.035105
25	0.003009
25.2	0.038114
26.2	0.048145
27.2	0.067202
28	0.003009
28.2	0.071214
29.2	0.067202
29.3	0.003009
30.2	0.077232
31.2	0.016048
32.2	0.006018
33	0.003009
33.2	0.003009
34	0.006018

D6S474
13	0.003
14	0.232
15	0.196
16	0.151
17	0.282
18	0.123
19	0.011
20	0.002

D7S3048
15	0.001998
16	0.004995
17	0.027972
18	0.058941
19	0.072927
20	0.091908
21	0.152847
22	0.11988
23	0.178822
24	0.144855
25	0.113886
26	0.024975
27	0.005994

D7S820
7	0.023857
8	0.178925
9	0.126242
10	0.268388
11	0.221669
11.2	0.001988
12	0.141152
12.2	0.001000
13	0.029821
14	0.006958

D7S1517
16	0.006012
17	0.006012
18	0.02505
19	0.137275
20	0.092184
21	0.108216
22	0.115231
23	0.140281
24	0.108216
25	0.210421
26	0.02505
27	0.013026
28	0.013026

D8S1132
12.1	0.002002
15	0.002002
16	0.012012
17	0.132132
18	0.196197
19	0.146146
20	0.154154
21	0.122122
22	0.126126
22.2	0.002002
23	0.076076
24	0.023023
25	0.006006

D8S1179
8	0.018887
9	0.016899
10	0.105368
11	0.093439
12	0.135189
13	0.320079
14	0.192843
15	0.086481
16	0.019881
17	0.007952
18	0.002982

D9S1122
9	0.001996
10	0.021956
11	0.191617
12	0.398204
13	0.329341
14	0.046906
15	0.007984
16	0.001996

D10S1435
7	0.003003
9	0.003003
10	0.006006
11	0.175175
12	0.373374
13	0.229229
13.3	0.003003
14	0.169169
14.2	0.003003
14.3	0.003003
15	0.019019
16	0.01001
17	0.003003

D10S2325
6	0.003003
7	0.162162
8	0.038038
9	0.067067
10	0.131131
11	0.182183
12	0.159159
13	0.146146
14	0.054054
15	0.048048
16	0.006006
18	0.003003

D10S1248
11	0.003984
12	0.031872
13	0.292829
14	0.287849
15	0.204183
16	0.134462
17	0.039841
18	0.00498

TH01
5	0.002982
6	0.204771
7	0.189861
8	0.097416
9	0.176938
9.3	0.313121
10	0.014911

D11S2368
15	0.002
16	0.003
17	0.039
18	0.148
19	0.24
20	0.245
21	0.21
22	0.076
23	0.026
24	0.006
25	0.005

vWA
13	0.002988
14	0.128486
15	0.091633
16	0.218127
17	0.265935
18	0.193226
18.3	0.001000
19	0.078685
20	0.01992

D12S391
15	0.040837
16	0.026892
17	0.094622
17.3	0.018924
18	0.183267
18.3	0.026892
19	0.138446
19.3	0.00996
20	0.113546
21	0.104582
22	0.106574
23	0.093626
24	0.0249
25	0.013944
26	0.002988

D13S325
14.3	0.002997
16	0.021978
17	0.021978
18	0.052947
19	0.234765
20	0.247753
20.3	0.004995
21	0.181818
22	0.145854
23	0.068931
24	0.013986
25	0.001998

D13S317
8	0.126494
9	0.091633
10	0.071713
11	0.326692
12	0.271911
13	0.082669
14	0.027888
15	0.001000

D14S1434
10	0.191617
11	0.040918
12	0.018962
13	0.356287
14	0.373254
15	0.018962

D15S659
10	0.004995
11	0.01998
12	0.191808
13	0.216784
14	0.057942
15	0.030969
16	0.156843
17	0.18981
18	0.106893
19	0.021978
20	0.001998

Penta E
5	0.087
7	0.144
8	0.019
9	0.01
10	0.096
11	0.093
12	0.154
13	0.09
14	0.064
15	0.054
16	0.058
17	0.032
18	0.032
19	0.032
20	0.019
21	0.016

D16S539
8	0.015904
9	0.100398
10	0.050696
11	0.297217
12	0.299205
13	0.201789
14	0.032803
15	0.001988

D17S1301
8	0.001998
9	0.001998
10	0.018981
11	0.345654
12	0.416584
13	0.184815
14	0.027972
15	0.001998

D18S51
9	0.001988
10	0.008946
11	0.013916
12	0.139163
13	0.129223
14	0.17793
15	0.15308
16	0.130217
17	0.105367
18	0.0666
19	0.043737
20	0.020875
20.2	0.001000
21	0.006958
22	0.001000

D18S1364
11	0.002
12	0.006
13	0.201
14	0.246
15	0.301
16	0.103
17	0.026
18	0.079
19	0.028
20	0.006
21	0.002

D19S253
7	0.268268
8	0.034034
9	0.014014
10	0.02002
11	0.086086
12	0.343344
13	0.16016
14	0.062062
15	0.012012

D19S433
7	0.001000
11	0.002982
12	0.085486
12.2	0.001000
13	0.25447
13.2	0.013916
14	0.352879
14.2	0.021869
15	0.149104
15.2	0.044731
16	0.043737
16.2	0.017892
17	0.005964
17.2	0.001988
18.2	0.002982

D20S482
9	0.010989
11	0.015984
12	0.038961
13	0.228771
14	0.429571
15	0.208791
16	0.064935
17	0.001998

D21S11
27	0.032096
28	0.155467
29	0.209629
29.2	0.001003
30	0.261785
30.2	0.026078
30.3	0.001003
31	0.07322
31.2	0.085256
32	0.014042
32.2	0.091274
33	0.005015
33.1	0.001003
33.2	0.032096
34	0.002006
34.2	0.001003
35	0.005015
36	0.003009

D21S2055
16.1	0.052842
17.1	0.013958
18.1	0.007976
19.1	0.258225
20.1	0.041874
21	0.002991
21.1	0.004985
23	0.005982
24	0.015952
25	0.124626
26	0.161516
27	0.005982
28	0.01994
29	0.02991
30	0.015952
31	0.027916
32	0.024925
33	0.057827
34	0.068794
35	0.043869
36	0.011964
37	0.001994

Penta D
6	0.003
7	0.003
8	0.013
9	0.196
10	0.122
11	0.183
12	0.208
13	0.176
14	0.071
15	0.016
16	0.006
17	0.003

D22GATA198B05
15	0.002997
16	0.116883
17	0.133866
18	0.130869
19	0.191808
20	0.142857
21	0.2008
22	0.071928
23	0.005994
24	0.001998

D22S1045
10	0.001988
11	0.110338
12	0.00497
13	0.001988
14	0.037773
15	0.362821
16	0.375743
17	0.096421
18	0.006958
19	0.001000

D5S2500
10	0.07
11	0.271
12	0.166
13	0.07
14	0.054
15	0.255
16	0.089
17	0.025
