D1S1656
7	0.001000
8	0.029922
9	0.001841
10	0.012889
11	0.143624
12	0.08378
13	0.118305
14	0.106797
15	0.174466
15.3	0.022556
16	0.145465
16.3	0.034065
17	0.060304
17.3	0.031763
18	0.011508
18.3	0.018874
19	0.001000
19.3	0.001841

TPOX
6	0.001000
7	0.001846
8	0.397723
9	0.129652
10	0.090895
11	0.346509
12	0.029991
13	0.001384
14	0.001000

D2S1360
20	0.027054
21	0.158317
22	0.238477
23	0.111223
24	0.074148
25	0.136273
26	0.101202
27	0.104208
28	0.032064
29	0.012024
30	0.00501

D2S441
9	0.003215
9.1	0.001378
10	0.293935
10.1	0.001000
11	0.393597
11.3	0.050061
12	0.066594
12.3	0.003674
13	0.016534
13.3	0.001000
14	0.146049
15	0.019289
16	0.003674

D2S1338
8	0.001000
14	0.001000
16	0.011476
17	0.089976
18	0.161131
19	0.148277
20	0.118438
21	0.038102
22	0.067482
23	0.169853
24	0.099616
25	0.071155
26	0.016067
27	0.002295
28	0.004132

D3S1358
11	0.001839
12	0.001000
13	0.001379
14	0.04551
15	0.293286
16	0.308916
17	0.22663
18	0.113085
19	0.007355
20	0.001000

D3S1744
11	0.002
12	0.003
14	0.084
15	0.071
16	0.14
17	0.271
18	0.192
19	0.173
20	0.057
21	0.005
23	0.002

D4S2366
9	0.284
10	0.163
11	0.16
12	0.156
13	0.129
14	0.098
15	0.01

FGA
18	0.005969
19	0.050967
19.2	0.001000
20	0.112494
20.2	0.001377
21	0.14234
21.2	0.004592
22	0.140503
22.2	0.00551
23	0.174022
23.2	0.004592
24	0.170348
24.2	0.00551
25	0.110198
25.2	0.002755
26	0.053262
26.2	0.001000
26.3	0.001000
27	0.008724
27.2	0.001000
28	0.001837
32.3	0.001000

D5S2500
8	0.002
10	0.109
11	0.225
12	0.198
13	0.05
13.2	0.002
14	0.077
15	0.208
16	0.092
17	0.032
18	0.005

D5S2800
13	0.001998
14	0.278721
15	0.002997
16	0.00999
17	0.261738
18	0.291709
19	0.00999
20	0.043956
22	0.001998
23	0.066933
24	0.02997

D5S818
7	0.005519
8	0.001000
9	0.035416
10	0.107167
11	0.350938
12	0.33162
13	0.156381
14	0.010579
15	0.00138

CSF1PO
7	0.001000
8	0.001839
9	0.024822
10	0.230289
10.3	0.001000
11	0.29648
12	0.364509
12.1	0.001000
13	0.062973
14	0.014249
15	0.001839

SE33
4.2	0.001671
8	0.006684
9	0.001000
12	0.00919
12.2	0.001000
13	0.016709
14	0.023393
14.3	0.002506
15	0.028406
15.2	0.001000
15.3	0.015038
16	0.041773
16.2	0.001000
16.3	0.002506
17	0.076026
17.2	0.001000
17.3	0.001671
18	0.08271
18.2	0.001671
18.3	0.004177
19	0.081039
19.1	0.001000
19.2	0.001000
19.3	0.001000
20	0.042608
20.1	0.002506
20.2	0.007519
21	0.023393
21.1	0.003342
21.2	0.00919
22	0.013367
22.1	0.001000
22.2	0.013367
23	0.003342
23.1	0.001000
23.2	0.026735
24	0.001671
24.2	0.030076
25.2	0.042608
26	0.001000
26.2	0.040102
27	0.002506
27.1	0.001000
27.2	0.04595
28	0.001000
28.2	0.065166
29.2	0.071849
30.2	0.05514
31	0.002506
31.2	0.051798
32	0.001000
32.2	0.020051
33	0.002506
33.2	0.006684
34	0.001000
34.2	0.005848

D6S474
13	0.005
14	0.254
14.3	0.003
15	0.321
16	0.133
17	0.173
18	0.1
19	0.011

D7S3048
16	0.003003
17	0.044044
18	0.044044
19	0.094094
20	0.159159
21	0.137137
22	0.098098
23	0.184185
24	0.113113
25	0.09009
26	0.03003
27	0.003003

D7S820
7	0.031839
8	0.221026
9	0.076136
10	0.224717
10.1	0.001000
11	0.246866
12	0.172114
13	0.024918
14	0.001384

D7S1517
15	0.002002
16	0.005005
17	0.017017
18	0.015015
19	0.153153
20	0.111111
21	0.124124
22	0.144144
23	0.119119
24	0.099099
25	0.163164
26	0.035035
27	0.007007
28	0.005005

D8S1132
10.1	0.001998
12.1	0.004995
13.1	0.002997
14.1	0.001998
16	0.004995
17	0.075924
18	0.215785
19	0.196803
20	0.153846
21	0.124875
22	0.096903
23	0.085914
24	0.02997
25	0.002997

D8S1179
8	0.007813
9	0.003217
10	0.167739
11	0.068934
12	0.096507
13	0.192555
14	0.203125
15	0.181066
16	0.068015
17	0.009191
18	0.001838

D9S1122
10	0.025
11	0.249
12	0.378
13	0.302
14	0.037
15	0.006
16	0.003

D10S1435
7	0.005005
9.1	0.002002
10	0.015015
11	0.129129
12	0.396397
13	0.287287
14	0.136136
15	0.025025
16	0.002002
17	0.002002

D10S2325
6	0.025
7	0.126
8	0.015
9	0.114
10	0.129
11	0.176
12	0.181
13	0.134
14	0.082
15	0.005
16	0.002
17	0.002
17.2	0.002
18	0.005
21	0.002

D10S1248
11	0.011975
12	0.017963
13	0.165809
14	0.286021
15	0.266676
16	0.196208
17	0.050203
18	0.004145
19	0.001000

TH01
6	0.261567
7	0.192612
8	0.116763
8.3	0.001000
9	0.268922
9.3	0.147103
10	0.011033
10.3	0.001000

D11S2368
14	0.001996
16	0.015968
17	0.048902
18	0.120759
19	0.215569
20	0.242515
21	0.232535
22	0.085828
23	0.028942
24	0.00499
26	0.001996

D11S554
188	0.007663
192	0.003831
196	0.015326
200	0.045977
202	0.003831
204	0.065134
205	0.001916
208	0.047892
212	0.036398
213	0.017241
214	0.001916
216	0.076628
217	0.021073
220	0.042145
221	0.074713
222	0.001916
224	0.01341
225	0.09387
228	0.007663
229	0.116858
232	0.005747
233	0.105364
236	0.003831
237	0.032567
240	0.001916
241	0.01341
242	0.001916
243	0.001916
244	0.001916
246	0.045977
248	0.001916
249	0.001916
250	0.034483
254	0.032567
258	0.009578
278	0.003831
286	0.001916
297	0.001916
306	0.001916

APOAI1
256	0.057471
259	0.001916
261	0.001916
263	0.021073
267	0.045977
269	0.01341
270	0.001916
271	0.084291
273	0.032567
274	0.003831
275	0.04023
276	0.001916
277	0.049808
278	0.007663
279	0.036398
280	0.001916
281	0.049808
282	0.015326
283	0.09387
284	0.003831
285	0.044061
286	0.076628
287	0.074713
288	0.001916
289	0.028736
290	0.057471
291	0.028736
293	0.007663
294	0.057471
295	0.038314
297	0.001916
298	0.007663
299	0.003831
302	0.003831
303	0.001916

vWA
10	0.001381
13	0.008283
14	0.121021
15	0.076846
15.2	0.001381
16	0.238361
17	0.26551
18	0.183142
19	0.086509
20	0.015185
21	0.001381
22	0.001000

D12S391
14	0.001000
15	0.005523
16	0.018869
17	0.126101
17.3	0.009205
18	0.253122
18.2	0.001000
18.3	0.019329
19	0.141288
19.2	0.001000
19.3	0.003222
20	0.116436
20.3	0.001000
21	0.10447
22	0.096647
23	0.070874
24	0.02163
25	0.006903
26	0.001381
28	0.001000

D13S325
14.3	0.001994
16	0.007976
17	0.004985
18	0.055833
19	0.236291
20	0.250249
21	0.202393
22	0.147557
23	0.064806
24	0.018943
24.3	0.001994
25	0.004985
26.3	0.001994

D13S317
7	0.005519
8	0.182598
9	0.090149
10	0.08141
11	0.260789
12	0.264008
13	0.08601
14	0.028517
15	0.001000

D14S1434
10	0.133
11	0.092
12	0.052
13	0.356
14	0.343
15	0.017
16	0.003
17	0.002
18	0.002

D15S659
8	0.005
9	0.005
10	0.014
11	0.052
12	0.2
13	0.144
14	0.073
15	0.032
16	0.179
17	0.17
18	0.097
19	0.024
20	0.005

Penta E
5	0.052818
7	0.093899
8	0.009222
9	0.015929
10	0.056172
11	0.132465
12	0.13498
12.4	0.003354
13	0.080485
14	0.061202
15	0.085515
15.4	0.001000
16	0.077131
16.4	0.001000
17	0.084677
18	0.047788
18.4	0.001677
19	0.025151
19.4	0.001000
20	0.02599
21	0.004192
22	0.003353
23	0.001000

D16S539
8	0.063419
9	0.163603
10	0.09421
11	0.325827
12	0.220129
13	0.111673
14	0.019301
15	0.001838

D17S906
330	0.001901
334	0.003802
335	0.028517
337	0.001901
338	0.003802
339	0.007605
342	0.032319
345	0.003802
346	0.047529
348	0.001901
349	0.015209
350	0.04943
351	0.001901
353	0.08365
354	0.087453
355	0.007605
357	0.11597
358	0.039924
359	0.001901
361	0.108365
362	0.009506
363	0.003802
365	0.093156
366	0.007605
367	0.005704
369	0.060837
371	0.001901
373	0.020913
375	0.001901
376	0.001901
377	0.001901
383	0.001901
393	0.001901
397	0.013308
401	0.024715
405	0.020913
409	0.032319
411	0.001901
413	0.009506
415	0.001901
417	0.013308
419	0.001901
421	0.005703
425	0.003802
429	0.003802
433	0.005703
437	0.003802

D17S1301
9	0.004995
10	0.012987
11	0.215784
12	0.534466
13	0.193806
14	0.034965
15	0.002997

D18S51
10	0.006892
11	0.018378
12	0.071674
13	0.125888
13.3	0.001000
14	0.250399
14.3	0.001000
15	0.169995
16	0.138294
17	0.078565
18	0.04962
19	0.04181
20	0.023891
21	0.011946
22	0.005513
23	0.004135
24	0.001000

D18S1364
12	0.016983
13	0.262738
14	0.164835
15	0.234765
16	0.10989
17	0.047952
18	0.112887
19	0.037962
20	0.00999
21	0.001998

D19S253
6	0.001998
7	0.247752
8	0.034965
9	0.007992
10	0.02997
11	0.123876
12	0.307693
13	0.175824
14	0.05994
15	0.00999

D19S433
6	0.001000
7	0.001000
9	0.00184
10	0.00138
11	0.00322
11.2	0.001000
12	0.057506
12.2	0.009201
13	0.29535
13.2	0.019782
14	0.240144
14.2	0.072227
15	0.111331
15.2	0.09293
16	0.050605
16.2	0.028983
17	0.008741
17.2	0.00276
18.2	0.001000

D20S482
9	0.002997
10	0.004995
11	0.007992
12	0.043956
13	0.223776
14	0.477523
15	0.185814
16	0.050949
18	0.001998

D21S11
25	0.001000
26	0.001000
27	0.012511
28	0.130109
28.2	0.001000
29	0.182653
29.2	0.006672
29.3	0.001000
30	0.20267
30.2	0.025021
31	0.050042
31.2	0.118433
32	0.010842
32.2	0.166806
33.2	0.074229
34	0.001668
34.1	0.001000
34.2	0.010842
35.2	0.002502

D21S2055
16.1	0.146146
17.1	0.013013
18.1	0.025025
19.1	0.11011
20.1	0.011011
21.1	0.006006
23	0.002002
24	0.014014
25	0.175176
26	0.14014
27	0.017017
28	0.017017
29	0.027027
30	0.025025
31	0.04004
32	0.052052
33	0.048048
34	0.076076
35	0.044044
36	0.005005
37	0.006006

Penta D
6	0.005852
7	0.00418
8	0.011704
9	0.190604
9.3	0.001000
10	0.181408
11	0.239091
12	0.132921
13	0.144625
14	0.065207
15	0.01672
16	0.006688

D22GATA198B05
15	0.007984
16	0.131737
17	0.228543
18	0.077844
19	0.123752
20	0.155689
21	0.189621
22	0.072854
23	0.00998
24	0.001996

D22S1045
10	0.004144
11	0.27256
12	0.003683
13	0.002762
14	0.071363
15	0.380755
16	0.175414
17	0.081492
18	0.007827
