D3S1358
9	0.001000
12	0.003
13	0.006
14	0.085
15	0.326
15.2	0.001000
16	0.296
17	0.187
18	0.088
19	0.005
20	0.002

TH01
5	0.001998
6	0.225774
7	0.315685
8	0.156843
9	0.148851
9.3	0.13986
10	0.010989

D21S11
24.3	0.001000
27	0.031
28	0.205
29	0.193
29.2	0.001000
30	0.202
30.2	0.033
31	0.066
31.2	0.073
32	0.025
32.1	0.001000
32.2	0.088
33	0.003
33.1	0.003
33.2	0.042
34	0.006
34.2	0.004
35	0.019
36	0.003
37	0.001000

D18S51
10	0.006012
11	0.009018
12	0.108216
13	0.093186
13.2	0.004008
14	0.135271
14.2	0.003006
15	0.150301
15.2	0.001002
16	0.131263
17	0.144289
18	0.084168
19	0.067134
20	0.036072
21	0.019038
21.2	0.001002
22	0.006012
23	0.001002

Penta E
5	0.061061
7	0.08008
8	0.089089
9	0.018018
10	0.075075
11	0.092092
12	0.151152
13	0.095095
14	0.078078
15	0.074074
16	0.059059
17	0.055055
18	0.024024
19	0.015015
20	0.008008
21	0.018018
22	0.005005
23	0.002002

D5S818
7	0.030969
8	0.026973
9	0.035964
10	0.061938
11	0.295704
12	0.316683
13	0.20979
14	0.015984
15	0.001000
16	0.004995

D13S317
8	0.055944
9	0.088911
10	0.063936
11	0.25974
12	0.344655
13	0.112887
14	0.070929
15	0.001998
16	0.001000

D7S820
6.3	0.001000
7	0.008982
8	0.167663
9	0.087824
10	0.298401
10.3	0.001000
11	0.244509
12	0.149699
13	0.031936
13.1	0.001000
14	0.006986
15	0.001000

D16S539
8	0.02997
9	0.185814
10	0.107892
11	0.27073
12	0.236763
13	0.143856
14	0.021978
15	0.002997

CSF1PO
7	0.037962
8	0.031968
9	0.036963
10	0.238761
11	0.27972
12	0.313687
13	0.051948
14	0.008991

Penta D
2.2	0.07992
3.2	0.002997
5	0.017982
6	0.001000
7	0.017982
8	0.044955
9	0.175824
10	0.151848
11	0.138861
12	0.146853
13	0.145854
14	0.058941
15	0.014985
16	0.001998

vWA
11	0.004
13	0.008
14	0.061
15	0.15
16	0.316
17	0.223
18	0.147
19	0.071
20	0.019
21	0.001000

D8S1179
8	0.004
9	0.005
10	0.063
11	0.066
12	0.114
13	0.273
14	0.285
15	0.143
16	0.04
17	0.007

TPOX
6	0.03996
7	0.00999
8	0.408592
9	0.125874
10	0.072927
11	0.272727
12	0.066933
13	0.002997

FGA
18	0.006993
18.2	0.006993
19	0.074925
19.2	0.001000
20	0.078921
20.3	0.001000
21	0.135863
21.2	0.001000
22	0.170828
22.2	0.001998
23	0.135863
24	0.164834
25	0.122877
26	0.050949
27	0.021978
28	0.010989
29	0.005994
30	0.001998
33	0.001000
45.2	0.002997
46.2	0.001000

D19S433
10	0.005982
11	0.035892
11.2	0.002991
12	0.103689
12.2	0.022931
13	0.254237
13.2	0.081755
14	0.240279
14.2	0.045863
15	0.094716
15.2	0.070788
16	0.015952
16.2	0.013958
17	0.001994
17.2	0.004985
18	0.003988

D2S1338
13	0.001000
15	0.003
16	0.054
17	0.171
18	0.061
19	0.172
20	0.093
21	0.077
22	0.085
23	0.118
24	0.08
25	0.063
26	0.018
27	0.004

D10S1248
8	0.004995
9	0.001998
10	0.004995
11	0.015984
12	0.078921
13	0.230769
14	0.317683
15	0.20979
16	0.108891
17	0.023976
18	0.001998

D1S1656
10	0.003003
11	0.059059
12	0.089089
13	0.09009
14	0.175176
14.3	0.016016
15	0.141141
15.3	0.033033
16	0.134134
16.3	0.059059
17	0.045045
17.1	0.001001
17.3	0.105105
18	0.006006
18.3	0.036036
19	0.001001
19.3	0.006006

D22S1045
8	0.001000
10	0.038
11	0.103
12	0.03
13	0.003
14	0.063
15	0.349
16	0.266
17	0.134
18	0.012
19	0.001000

D2S441
9	0.00499
10	0.228542
11	0.31936
11.3	0.04491
12	0.102794
12.3	0.001000
13	0.042914
13.3	0.00499
14	0.222554
14.3	0.001000
15	0.023952
16	0.002994

D12S391
13	0.001002
15	0.071142
16	0.039078
17	0.103207
17.1	0.001002
17.3	0.006012
18	0.216433
18.1	0.001002
18.3	0.012024
19	0.166333
19.1	0.002004
19.3	0.007014
20	0.137275
21	0.087174
22	0.072144
23	0.056112
24	0.013026
25	0.00501
26	0.003006

SE33
5	0.001001
7	0.001001
9	0.001001
10	0.001001
11	0.001001
11.2	0.001001
12	0.005005
13	0.005005
13.2	0.002002
14	0.036036
14.2	0.005005
15	0.036036
15.2	0.002002
16	0.081081
16.2	0.003003
16.3	0.001001
17	0.084084
18	0.095095
19	0.113114
19.2	0.001001
20	0.059059
20.2	0.002002
21	0.031031
21.2	0.006006
22	0.006006
22.2	0.02002
23	0.002002
23.2	0.019019
24	0.001001
24.2	0.026026
25	0.005005
25.2	0.04004
26	0.001001
26.2	0.066066
27	0.002002
27.2	0.07007
28.2	0.056056
29	0.004004
29.2	0.047047
30	0.001001
30.2	0.029029
31.2	0.021021
32.2	0.006006
33	0.001001
33.2	0.001001
34	0.002002

D7S1517
19	0.023046
20	0.070141
21	0.273547
22	0.305611
23	0.242485
24	0.031062
25	0.031062
26	0.023046

D3S1744
14	0.063
15	0.195
16	0.195
17	0.297
18	0.195
19	0.047
20	0.008

D2S1360
21	0.273273
22	0.461462
23	0.141141
24	0.07007
25	0.023023
26	0.031031

D6S474
12	0.030969
13	0.358642
14	0.140859
15	0.17982
16	0.140859
17	0.140859
18	0.007992

D4S2366
9	0.171828
10	0.007992
11	0.17982
12	0.304696
13	0.077922
14	0.241758
15	0.015984

D8S1132
16	0.062874
17	0.093812
18	0.140719
19	0.202595
20	0.179641
21	0.108782
22	0.140719
23	0.05489
24	0.007984
25	0.007984

D5S2500
10	0.117
11	0.313
12	0.156
13	0.031
14	0.023
15	0.344
16	0.016

D21S2055
16.1	0.023
20.1	0.008
21	0.008
22	0.016
23	0.008
24	0.039
25	0.359
26	0.359
27	0.07
28	0.023
30	0.023
31	0.008
32	0.016
33	0.008
35	0.016
37	0.016

D10S2325
6	0.023
7	0.07
8	0.008
9	0.102
10	0.242
11	0.125
12	0.211
13	0.109
14	0.063
15	0.031
16	0.008
17	0.008
