D1S1656
8	0.005262
9	0.005262
11	0.067675
12	0.120354
13	0.092405
14	0.132719
15	0.203025
15.3	0.018215
16	0.188899
16.3	0.010525
17	0.072938
17.3	0.04762
18	0.003219
18.3	0.02077
19.3	0.011112

TPOX
7	0.015147
8	0.515197
9	0.075735
10	0.085833
11	0.272745
12	0.035343

D2S1360
20	0.04878
21	0.138211
22	0.247968
23	0.166668
24	0.085366
25	0.113821
26	0.109756
27	0.04878
28	0.02439
29	0.004065
30	0.00813
32	0.004065

D2S441
9	0.0041
10	0.128113
11	0.376038
11.3	0.086809
12	0.057906
13	0.016502
13.3	0.0041
14	0.252125
15	0.070207
16	0.0041

D2S1338
16	0.028926
17	0.161157
18	0.11157
19	0.152893
20	0.140496
21	0.028926
22	0.057851
23	0.157025
24	0.070248
25	0.090908

D3S1358
12	0.014994
14	0.02499
15	0.279988
16	0.314975
17	0.220012
18	0.145041

D3S3045
9	0.175258
10	0.113402
11	0.103093
12	0.164948
13	0.257732
14	0.14433
15	0.041237

D3S1744
11	0.004065
13	0.004065
14	0.109756
15	0.093496
16	0.138211
17	0.239837
18	0.178863
19	0.162602
20	0.044715
21	0.02439

D4S2366
9	0.296748
10	0.154472
11	0.162602
12	0.138211
13	0.158537
14	0.0813
15	0.00813

FGA
17	0.014421
18	0.028841
19	0.057681
20	0.081715
21	0.163525
21.2	0.019227
22	0.100943
22.2	0.024034
23	0.187559
23.2	0.019227
24	0.110556
24.2	0.01442
25	0.115363
26	0.048068
28	0.01442

D5S2500
9	0.012195
10	0.073171
11	0.333333
12	0.162602
13	0.04065
14	0.077236
15	0.158537
16	0.093496
17	0.04065
18	0.00813

D5S2800
14	0.347368
17	0.252632
18	0.2
23	0.168421
24	0.031579

D5S818
8	0.02499
9	0.084967
10	0.135045
11	0.329969
12	0.254998
13	0.155037
14	0.014994

CSF1PO
8	0.014994
9	0.039985
10	0.254998
11	0.380047
12	0.27499
13	0.034986

D6S477
9	0.019608
9.2	0.019608
10.2	0.098039
11	0.039216
11.2	0.049019
12.2	0.029412
13	0.137255
14	0.107843
15	0.264706
16	0.166667
17	0.039215
18	0.029412

SE33
8	0.004065
9	0.012195
11	0.004065
12.3	0.004065
13	0.00813
14	0.020325
14.2	0.004065
14.3	0.00813
15	0.020325
15.2	0.00813
16	0.069106
17	0.097562
17.3	0.004065
18	0.089431
19	0.105692
20	0.036585
20.2	0.004065
21	0.01626
21.2	0.012195
22	0.012195
22.2	0.03252
23.2	0.012195
24.2	0.056911
25.2	0.020325
26.2	0.04065
27.2	0.044715
28.2	0.060976
29.2	0.052846
30	0.004065
30.2	0.052846
31.2	0.044715
32.2	0.012195
33.2	0.004065
34	0.00813
34.2	0.004065
35	0.004065
37.2	0.004065

D6S474
13	0.004065
14	0.349593
15	0.207317
16	0.154472
17	0.186992
18	0.093496
19	0.004065

D7S3048
17	0.07
18	0.05
19	0.12
20	0.09
21	0.09
22	0.08
23	0.21
24	0.16
25	0.08
26	0.05

D7S820
7	0.0343
8	0.132398
8.3	0.0147
9	0.102902
10	0.2353
11	0.2304
12	0.166699
12.1	0.0147
13	0.053901
14	0.0147

D7S1517
17	0.00813
18	0.01626
19	0.109756
20	0.121951
21	0.073171
22	0.138212
22.2	0.004065
23	0.117886
24	0.130081
25	0.227643
26	0.028455
27	0.02439

D8S1132
16	0.00813
17	0.105691
18	0.211383
19	0.186992
20	0.138211
21	0.113821
22	0.130081
23	0.073171
24	0.02439
25	0.00813

D8S1179
8	0.024745
9	0.019796
10	0.084134
11	0.064338
12	0.10393
13	0.267346
14	0.178263
15	0.19311
16	0.039593
17	0.024745

D9S1122
11	0.255319
12	0.382979
13	0.308511
14	0.053191

D10S1435
8	0.020619
11	0.123711
12	0.319588
13	0.309278
13.2	0.030928
14	0.154639
15	0.041237

D10S2325
7	0.150407
8	0.04878
9	0.150407
10	0.154472
11	0.130081
12	0.186992
13	0.126016
14	0.04065
15	0.004065
18	0.004065
20	0.004065

D10S1248
11	0.0083
12	0.0165
13	0.2397
14	0.3058
15	0.2644
16	0.1281
17	0.0331
18	0.0041

TH01
6	0.2653
7	0.199
8	0.1071
9	0.2449
9.3	0.1378
10	0.0459

D11S2368
16	0.020408
18	0.142857
19	0.214286
20	0.244898
21	0.265306
22	0.051021
23	0.020408
24	0.040816

D11S554
196	0.016091
200	0.040322
204	0.034989
208	0.072598
209	0.008046
212	0.110207
213	0.008046
216	0.094115
217	0.010759
220	0.064552
221	0.048367
224	0.040322
225	0.080644
227	0.008046
228	0.018804
229	0.064552
232	0.008046
233	0.045748
235	0.008046
237	0.021517
243	0.018804
244	0.008046
246	0.021517
250	0.053794
254	0.048367
258	0.018804
262	0.008046
286	0.008046
303	0.010759

APOAI1
256	0.020626
262	0.010313
263	0.015425
266	0.012914
267	0.043853
269	0.007712
270	0.012914
271	0.108241
272	0.010313
273	0.012913
274	0.010313
275	0.023227
277	0.010313
278	0.010313
279	0.030939
280	0.015425
281	0.036051
282	0.03354
283	0.095328
284	0.012913
285	0.048964
286	0.054076
287	0.100529
288	0.007712
289	0.025738
290	0.048964
291	0.051565
293	0.020626
294	0.018025
295	0.023227
297	0.010313
298	0.010313
299	0.012913
301	0.010313
302	0.007712
303	0.007712
306	0.007712

vWA
14	0.141429
15	0.141429
16	0.181809
17	0.232284
18	0.146477
19	0.136382
20	0.02019

D12S391
15	0.011296
16	0.008474
17	0.138421
17.3	0.008455
18	0.138421
18.3	0.01977
19	0.138421
19.2	0.008454
19.3	0.011306
20	0.110176
21	0.175149
22	0.084753
23	0.084753
24	0.033897
25	0.028254

D13S325
16	0.020202
17	0.030303
18	0.050505
19	0.272727
20	0.282829
21	0.141414
22	0.151515
23	0.020202
24	0.030303

D13S317
7	0.015147
8	0.131373
9	0.080784
10	0.090883
11	0.287892
12	0.277794
13	0.070686
14	0.045441

D14S1434
10	0.145833
11	0.052084
12	0.09375
13	0.375
14	0.3125
15	0.020833

D15S659
8	0.019608
11	0.039216
12	0.245098
13	0.137255
14	0.068627
15	0.019608
16	0.127451
17	0.196078
18	0.107843
19	0.039216

Penta E
5	0.080938
7	0.104742
8	0.023805
9	0.028566
10	0.038088
11	0.09522
12	0.147685
13	0.119119
14	0.057132
15	0.071415
16	0.04761
17	0.076177
18	0.028566
19	0.028566
20	0.023805
21	0.014283
23	0.014283

D16S539
8	0.035343
9	0.176814
10	0.085834
11	0.323235
12	0.232353
13	0.121176
14	0.025245

D17S906
326	0.007128
330	0.007128
335	0.01666
337	0.009532
338	0.009532
339	0.009532
342	0.014256
345	0.007128
346	0.038127
347	0.009532
349	0.014256
350	0.035723
351	0.014256
352	0.011935
353	0.059511
354	0.05719
355	0.009532
356	0.009532
357	0.107169
358	0.021467
359	0.007128
360	0.007128
361	0.088106
362	0.01666
365	0.083382
367	0.007128
368	0.007128
369	0.05719
373	0.007128
376	0.011935
378	0.007128
393	0.007128
395	0.007128
397	0.014256
399	0.007128
401	0.023788
403	0.014256
405	0.026191
407	0.009532
409	0.007128
410	0.009532
411	0.01666
413	0.011935
415	0.011935
417	0.014256
419	0.007128
421	0.01666
425	0.009532
429	0.007128
433	0.009532

D17S1301
10	0.021053
11	0.294737
12	0.473684
13	0.157895
14	0.052631

D18S51
10	0.0196
11	0.034301
12	0.137298
13	0.176499
14	0.196099
15	0.102902
16	0.122598
17	0.058801
17.2	0.0147
18	0.034301
19	0.068601
20	0.0147
22	0.0196

D18S1364
12	0.020408
13	0.27551
14	0.193878
15	0.193878
16	0.102041
17	0.020408
18	0.153061
19	0.040816

D19S253
7	0.247423
8	0.041237
9	0.020619
10	0.020618
11	0.103093
12	0.329897
13	0.237113

D19S433
6.2	0.0041
11	0.0083
12	0.0992
13	0.1901
13.2	0.0083
14	0.3594
14.2	0.0331
15	0.1405
15.2	0.0661
16	0.0496
16.2	0.0207
17	0.0041
17.2	0.0124
18.2	0.0041

D20S482
11	0.020619
12	0.020618
13	0.216495
14	0.443299
15	0.175258
16	0.103093
17	0.020618

D21S11
26	0.014558
27	0.029115
28	0.116461
29	0.155376
29.2	0.014558
30	0.218459
30.1	0.014557
30.2	0.05823
31	0.043673
31.2	0.126261
32	0.014557
32.2	0.160228
33.2	0.033967

D21S2055
16.1	0.113822
17.1	0.00813
18.1	0.01626
19.1	0.105691
20.1	0.01626
23	0.012195
24	0.028455
25	0.166668
26	0.130082
27	0.020325
28	0.012195
29	0.020325
30	0.044715
31	0.044715
32	0.02439
33	0.085366
34	0.089431
35	0.044715
36	0.00813
37	0.00813

Penta D
2.2	0.014846
8	0.029691
9	0.12876
10	0.158451
11	0.26732
12	0.118766
13	0.123811
14	0.094023
15	0.049486
16	0.014846

D22GATA198B05
16	0.122449
17	0.153061
18	0.071429
19	0.204082
20	0.173469
21	0.173469
22	0.081633
23	0.020408

D22S1045
10	0.0041
11	0.1281
12	0.0124
14	0.0909
15	0.4091
16	0.2934
17	0.0579
18	0.0041
